2165679878998998656789210124569321954398786566799434678987678943987789543249654323496545436767898789
1034598769987897545678921235698949895987676445978926799876567899876678992198966212987432325456789678
2123987659866789756789654396987898789998543234567897989665476999865567889987654109976521012378994567
3299878543455699967899876989876765678987632125678998976562345698754378978998543298765432123499765678
4989865432324589878966989879985434569998545234569769987421976789653234567899955349896743276589876789
9876954321013678989545698767894325678987654345678956798599897898732145678989876456987654387678998891
8765985432124589995433989857895436799399795456789545459988789999546234589376987868998765678989219910
9879876543435699896512976546789945892198989767998932399875678987657355893245698979899896789698909899
2989988998747898789329865437897896789987678998967890989654589998778456789356789989754987896567998778
1098799987656789678998764323456789899876567899456999878963678999976567895467997897643498923458987668
